255 255 255 255 255 255 255 255 255 255 255 255 255 255 255 255
255 255 255 255 255 255 255 255 255 255 255 255 255 255 255 255
255 255   0   0   0   0   0   0   0   0   0   0   0   0 255 255
255 255   0   0   0   0   0   0   0   0   0   0   0   0 255 255
255 255   0   0   0   0   0   0   0   0   0   0   0   0 255 255
255 255   0   0   0 186 171 171 171 171 213   0   0   0 255 255
255 255   0   0   0 171 171 171 171 171 171   0   0   0 255 255
255 255   0   0   0 171 171 171 171 195 171   0   0   0 255 255
255 255   0   0   0 171 181 171 171 172 171   0   0   0 255 255
255 255   0   0   0 171 171 171 171 171 171   0   0   0 255 255
255 255   0   0   0 181 171 171 171 171 171   0   0   0 255 255
255 255   0   0   0   0   0   0   0   0   0   0   0   0 255 255
255 255   0   0   0   0   0   0   0   0   0   0   0   0 255 255
255 255   0   0   0   0   0   0   0   0   0   0   0   0 255 255
255 255 255 255 255 255 255 255 255 255 255 255 255 255 255 255
255 255 255 255 255 255 255 255 255 255 255 255 255 255 255 255
255 255 255 255 255 255 255 255 255 255 255 255 255 255 255 255
255 255 255 255 255 255 255 255 255 255 255 255 255 255 255 255
255 255   0   0   0   0   0   0   0   0   0   0   0   0 255 255
255 255   0   0   0   0   0   0   0   0   0   0   0   0 255 255
255 255   0   0   0   0   0   0   0   0   0   0   0   0 255 255
255 255   0   0   0  64  23  23  23  23 139   0   0   0 255 255
255 255   0   0   0  23  23  23  23  23  23   0   0   0 255 255
255 255   0   0   0  23  23  23  23  89  23   0   0   0 255 255
255 255   0   0   0  23  50  23  23  25  23   0   0   0 255 255
255 255   0   0   0  23  23  23  23  23  23   0   0   0 255 255
255 255   0   0   0  52  23  23  23  23  23   0   0   0 255 255
255 255   0   0   0   0   0   0   0   0   0   0   0   0 255 255
255 255   0   0   0   0   0   0   0   0   0   0   0   0 255 255
255 255   0   0   0   0   0   0   0   0   0   0   0   0 255 255
255 255 255 255 255 255 255 255 255 255 255 255 255 255 255 255
255 255 255 255 255 255 255 255 255 255 255 255 255 255 255 255
255 255 255 255 255 255 255 255 255 255 255 255 255 255 255 255
255 255 255 255 255 255 255 255 255 255 255 255 255 255 255 255
255 255   0   0   0   0   0   0   0   0   0   0   0   0 255 255
255 255   0   0   0   0   0   0   0   0   0   0   0   0 255 255
255 255   0   0   0   0   0   0   0   0   0   0   0   0 255 255
255 255   0   0   0 126  99  99  99  99 177   0   0   0 255 255
255 255   0   0   0  99  99  99  99  99  99   0   0   0 255 255
255 255   0   0   0  99  99  99  99 144  99   0   0   0 255 255
255 255   0   0   0  99 117  99  99 100  99   0   0   0 255 255
255 255   0   0   0  99  99  99  99  99  99   0   0   0 255 255
255 255   0   0   0 118  99  99  99  99  99   0   0   0 255 255
255 255   0   0   0   0   0   0   0   0   0   0   0   0 255 255
255 255   0   0   0   0   0   0   0   0   0   0   0   0 255 255
255 255   0   0   0   0   0   0   0   0   0   0   0   0 255 255
255 255 255 255 255 255 255 255 255 255 255 255 255 255 255 255
255 255 255 255 255 255 255 255 255 255 255 255 255 255 255 255

255 255 255 255 255 255 255 255 255 255 255 255 255 255 255 255
255 255 255 255 255 255 255 255 255 255 255 255 255 255 255 255
255 255   0   0   0   0   0   0   0   0   0   0   0   0 255 255
255 255   0   0   0   0   0   0   0   0   0   0   0   0 255 255
255 255   0   0   0   0   0   0   0   0   0   0   0   0 255 255
255 255   0   0   0 213 171 171 171 171 171   0   0   0 255 255
255 255   0   0   0 171 171 195 172 171 171   0   0   0 255 255
255 255   0   0   0 171 171 171 171 171 171   0   0   0 255 255
255 255   0   0   0 171 171 171 171 171 171   0   0   0 255 255
255 255   0   0   0 171 171 171 181 171 171   0   0   0 255 255
255 255   0   0   0 186 171 171 171 171 181   0   0   0 255 255
255 255   0   0   0   0   0   0   0   0   0   0   0   0 255 255
255 255   0   0   0   0   0   0   0   0   0   0   0   0 255 255
255 255   0   0   0   0   0   0   0   0   0   0   0   0 255 255
255 255 255 255 255 255 255 255 255 255 255 255 255 255 255 255
255 255 255 255 255 255 255 255 255 255 255 255 255 255 255 255
255 255 255 255 255 255 255 255 255 255 255 255 255 255 255 255
255 255 255 255 255 255 255 255 255 255 255 255 255 255 255 255
255 255   0   0   0   0   0   0   0   0   0   0   0   0 255 255
255 255   0   0   0   0   0   0   0   0   0   0   0   0 255 255
255 255   0   0   0   0   0   0   0   0   0   0   0   0 255 255
255 255   0   0   0 139  23  23  23  23  23   0   0   0 255 255
255 255   0   0   0  23  23  89  25  23  23   0   0   0 255 255
255 255   0   0   0  23  23  23  23  23  23   0   0   0 255 255
255 255   0   0   0  23  23  23  23  23  23   0   0   0 255 255
255 255   0   0   0  23  23  23  50  23  23   0   0   0 255 255
255 255   0   0   0  64  23  23  23  23  52   0   0   0 255 255
255 255   0   0   0   0   0   0   0   0   0   0   0   0 255 255
255 255   0   0   0   0   0   0   0   0   0   0   0   0 255 255
255 255   0   0   0   0   0   0   0   0   0   0   0   0 255 255
255 255 255 255 255 255 255 255 255 255 255 255 255 255 255 255
255 255 255 255 255 255 255 255 255 255 255 255 255 255 255 255
255 255 255 255 255 255 255 255 255 255 255 255 255 255 255 255
255 255 255 255 255 255 255 255 255 255 255 255 255 255 255 255
255 255   0   0   0   0   0   0   0   0   0   0   0   0 255 255
255 255   0   0   0   0   0   0   0   0   0   0   0   0 255 255
255 255   0   0   0   0   0   0   0   0   0   0   0   0 255 255
255 255   0   0   0 177  99  99  99  99  99   0   0   0 255 255
255 255   0   0   0  99  99 144 100  99  99   0   0   0 255 255
255 255   0   0   0  99  99  99  99  99  99   0   0   0 255 255
255 255   0   0   0  99  99  99  99  99  99   0   0   0 255 255
255 255   0   0   0  99  99  99 117  99  99   0   0   0 255 255
255 255   0   0   0 126  99  99  99  99 118   0   0   0 255 255
255 255   0   0   0   0   0   0   0   0   0   0   0   0 255 255
255 255   0   0   0   0   0   0   0   0   0   0   0   0 255 255
255 255   0   0   0   0   0   0   0   0   0   0   0   0 255 255
255 255 255 255 255 255 255 255 255 255 255 255 255 255 255 255
255 255 255 255 255 255 255 255 255 255 255 255 255 255 255 255

255 255 255 255 255 255 255 255 255 255 255 255 255 255 255 255
255 214 153 153 153 153 153 153 153 153 153 153 153 153 214 255
255 153   0   0   0   0   0   0   0   0   0   0   0   0 153 255
255 153   0   0   0   0   0   0   0   0   0   0   0   0 153 255
255 153   0   0  10  47  47  47  47  47  47  10   0   0 153 255
255 153   0   0  47 179 171 171 171 171 179  47   0   0 153 255
255 153   0   0  47 171 171 171 171 171 171  47   0   0 153 255
255 153   0   0  47 171 181 182 185 182 171  47   0   0 153 255
255 153   0   0  47 171 185 188 184 185 171  47   0   0 153 255
255 153   0   0  47 171 171 171 171 171 171  47   0   0 153 255
255 153   0   0  47 179 171 171 171 171 179  47   0   0 153 255
255 153   0   0  10  47  47  47  47  47  47  10   0   0 153 255
255 153   0   0   0   0   0   0   0   0   0   0   0   0 153 255
255 153   0   0   0   0   0   0   0   0   0   0   0   0 153 255
255 214 153 153 153 153 153 153 153 153 153 153 153 153 214 255
255 255 255 255 255 255 255 255 255 255 255 255 255 255 255 255
255 255 255 255 255 255 255 255 255 255 255 255 255 255 255 255
255 214 153 153 153 153 153 153 153 153 153 153 153 153 214 255
255 153   0   0   0   0   0   0   0   0   0   0   0   0 153 255
255 153   0   0   0   0   0   0   0   0   0   0   0   0 153 255
255 153   0   0  10  38  38  38  38  38  38  10   0   0 153 255
255 153   0   0  38  47  23  23  23  23  47  38   0   0 153 255
255 153   0   0  38  23  23  23  23  23  23  38   0   0 153 255
255 153   0   0  38  23  54  55  64  55  23  38   0   0 153 255
255 153   0   0  38  23  65  73  61  62  23  38   0   0 153 255
255 153   0   0  38  23  23  23  23  23  23  38   0   0 153 255
255 153   0   0  38  47  23  23  23  23  47  38   0   0 153 255
255 153   0   0  10  38  38  38  38  38  38  10   0   0 153 255
255 153   0   0   0   0   0   0   0   0   0   0   0   0 153 255
255 153   0   0   0   0   0   0   0   0   0   0   0   0 153 255
255 214 153 153 153 153 153 153 153 153 153 153 153 153 214 255
255 255 255 255 255 255 255 255 255 255 255 255 255 255 255 255
255 255 255 255 255 255 255 255 255 255 255 255 255 255 255 255
255 214 153 153 153 153 153 153 153 153 153 153 153 153 214 255
255 153   0   0   0   0   0   0   0   0   0   0   0   0 153 255
255 153   0   0   0   0   0   0   0   0   0   0   0   0 153 255
255 153   0   0  10  43  43  43  43  43  43  10   0   0 153 255
255 153   0   0  43 115  99  99  99  99 115  43   0   0 153 255
255 153   0   0  43  99  99  99  99  99  99  43   0   0 153 255
255 153   0   0  43  99 119 120 126 120  99  43   0   0 153 255
255 153   0   0  43  99 126 132 124 125  99  43   0   0 153 255
255 153   0   0  43  99  99  99  99  99  99  43   0   0 153 255
255 153   0   0  43 114  99  99  99  99 115  43   0   0 153 255
255 153   0   0  10  43  43  43  43  43  43  10   0   0 153 255
255 153   0   0   0   0   0   0   0   0   0   0   0   0 153 255
255 153   0   0   0   0   0   0   0   0   0   0   0   0 153 255
255 214 153 153 153 153 153 153 153 153 153 153 153 153 214 255
255 255 255 255 255 255 255 255 255 255 255 255 255 255 255 255

255 255 255 255 255 255 255 255 255 255 255 255 255 255 255 255
255 214 153 153 153 153 153 153 153 153 153 153 153 153 214 255
255 153   0   0   0   0   0   0   0   0   0   0   0   0 153 255
255 153   0   0   0   0   0   0   0   0   0   0   0   0 153 255
255 153   0   0  10  47  47  47  47  47  47  10   0   0 153 255
255 153   0   0  47 179 171 171 171 171 179  47   0   0 153 255
255 153   0   0  47 171 171 182 185 171 171  47   0   0 153 255
255 153   0   0  47 171 171 185 184 171 171  47   0   0 153 255
255 153   0   0  47 171 171 182 188 171 171  47   0   0 153 255
255 153   0   0  47 171 171 181 185 171 171  47   0   0 153 255
255 153   0   0  47 179 171 171 171 171 179  47   0   0 153 255
255 153   0   0  10  47  47  47  47  47  47  10   0   0 153 255
255 153   0   0   0   0   0   0   0   0   0   0   0   0 153 255
255 153   0   0   0   0   0   0   0   0   0   0   0   0 153 255
255 214 153 153 153 153 153 153 153 153 153 153 153 153 214 255
255 255 255 255 255 255 255 255 255 255 255 255 255 255 255 255
255 255 255 255 255 255 255 255 255 255 255 255 255 255 255 255
255 214 153 153 153 153 153 153 153 153 153 153 153 153 214 255
255 153   0   0   0   0   0   0   0   0   0   0   0   0 153 255
255 153   0   0   0   0   0   0   0   0   0   0   0   0 153 255
255 153   0   0  10  38  38  38  38  38  38  10   0   0 153 255
255 153   0   0  38  47  23  23  23  23  47  38   0   0 153 255
255 153   0   0  38  23  23  55  62  23  23  38   0   0 153 255
255 153   0   0  38  23  23  64  61  23  23  38   0   0 153 255
255 153   0   0  38  23  23  55  73  23  23  38   0   0 153 255
255 153   0   0  38  23  23  54  65  23  23  38   0   0 153 255
255 153   0   0  38  47  23  23  23  23  47  38   0   0 153 255
255 153   0   0  10  38  38  38  38  38  38  10   0   0 153 255
255 153   0   0   0   0   0   0   0   0   0   0   0   0 153 255
255 153   0   0   0   0   0   0   0   0   0   0   0   0 153 255
255 214 153 153 153 153 153 153 153 153 153 153 153 153 214 255
255 255 255 255 255 255 255 255 255 255 255 255 255 255 255 255
255 255 255 255 255 255 255 255 255 255 255 255 255 255 255 255
255 214 153 153 153 153 153 153 153 153 153 153 153 153 214 255
255 153   0   0   0   0   0   0   0   0   0   0   0   0 153 255
255 153   0   0   0   0   0   0   0   0   0   0   0   0 153 255
255 153   0   0  10  43  43  43  43  43  43  10   0   0 153 255
255 153   0   0  43 115  99  99  99  99 115  43   0   0 153 255
255 153   0   0  43  99  99 120 125  99  99  43   0   0 153 255
255 153   0   0  43  99  99 126 124  99  99  43   0   0 153 255
255 153   0   0  43  99  99 120 132  99  99  43   0   0 153 255
255 153   0   0  43  99  99 119 126  99  99  43   0   0 153 255
255 153   0   0  43 115  99  99  99  99 114  43   0   0 153 255
255 153   0   0  10  43  43  43  43  43  43  10   0   0 153 255
255 153   0   0   0   0   0   0   0   0   0   0   0   0 153 255
255 153   0   0   0   0   0   0   0   0   0   0   0   0 153 255
255 214 153 153 153 153 153 153 153 153 153 153 153 153 214 255
255 255 255 255 255 255 255 255 255 255 255 255 255 255 255 255
